{
  "profile": "person",
  "travelTimes": [
    0,
    186,
    13,
    99,
    29,
    151,
    6,
    59,
    79,
    314,
    778,
    582,
    498,
    634,
    702,
    399,
    464,
    607,
    455,
    495,
    684,
    371,
    438,
    298,
    422,
    796,
    333,
    408,
    462,
    472,
    694,
    711,
    769,
    868,
    881,
    1155,
    1842,
    1522,
    661,
    1088,
    509,
    186,
    0,
    172,
    87,
    158,
    32,
    193,
    126,
    101,
    140,
    604,
    408,
    324,
    460,
    528,
    226,
    291,
    434,
    282,
    321,
    509,
    196,
    265,
    125,
    249,
    622,
    160,
    234,
    288,
    299,
    521,
    536,
    595,
    694,
    708,
    981,
    1669,
    1349,
    487,
    915,
    337,
    13,
    172,
    0,
    85,
    16,
    136,
    19,
    45,
    66,
    272,
    735,
    540,
    455,
    592,
    660,
    356,
    421,
    565,
    413,
    453,
    641,
    328,
    395,
    255,
    380,
    754,
    291,
    366,
    420,
    429,
    652,
    668,
    727,
    826,
    839,
    1113,
    1800,
    1480,
    619,
    1046,
    468,
    99,
    87,
    85,
    0,
    71,
    55,
    106,
    39,
    56,
    226,
    689,
    495,
    411,
    547,
    614,
    312,
    375,
    519,
    368,
    408,
    596,
    282,
    349,
    211,
    335,
    709,
    246,
    320,
    375,
    385,
    607,
    622,
    681,
    780,
    794,
    1067,
    1755,
    1435,
    573,
    1001,
    423,
    29,
    158,
    16,
    71,
    0,
    122,
    35,
    52,
    49,
    345,
    808,
    613,
    528,
    665,
    733,
    431,
    494,
    638,
    487,
    526,
    714,
    401,
    468,
    329,
    454,
    827,
    365,
    439,
    493,
    504,
    726,
    741,
    800,
    899,
    913,
    1186,
    1874,
    1554,
    692,
    1120,
    538,
    151,
    32,
    136,
    55,
    122,
    0,
    159,
    94,
    68,
    168,
    632,
    436,
    352,
    488,
    556,
    254,
    319,
    462,
    311,
    349,
    538,
    225,
    293,
    153,
    278,
    651,
    188,
    262,
    316,
    327,
    549,
    565,
    624,
    722,
    736,
    1009,
    1698,
    1378,
    515,
    944,
    368,
    6,
    193,
    19,
    106,
    35,
    159,
    0,
    66,
    85,
    309,
    773,
    579,
    494,
    631,
    698,
    395,
    460,
    604,
    452,
    492,
    680,
    366,
    434,
    294,
    419,
    793,
    329,
    404,
    459,
    468,
    691,
    707,
    766,
    865,
    878,
    1152,
    1839,
    1519,
    658,
    1085,
    503,
    59,
    126,
    45,
    39,
    52,
    94,
    66,
    0,
    95,
    265,
    728,
    533,
    448,
    585,
    653,
    349,
    414,
    558,
    406,
    446,
    634,
    321,
    388,
    248,
    373,
    747,
    284,
    359,
    413,
    422,
    645,
    661,
    720,
    819,
    832,
    1106,
    1793,
    1473,
    612,
    1039,
    462,
    79,
    101,
    66,
    56,
    49,
    68,
    85,
    95,
    0,
    201,
    665,
    471,
    386,
    522,
    589,
    288,
    352,
    495,
    345,
    384,
    572,
    258,
    326,
    187,
    312,
    685,
    222,
    295,
    351,
    361,
    582,
    599,
    658,
    756,
    769,
    1044,
    1731,
    1411,
    549,
    978,
    402,
    314,
    140,
    272,
    226,
    345,
    168,
    309,
    265,
    201,
    0,
    500,
    306,
    186,
    358,
    425,
    87,
    149,
    332,
    179,
    219,
    344,
    56,
    122,
    36,
    146,
    484,
    142,
    216,
    272,
    281,
    504,
    519,
    578,
    676,
    691,
    964,
    1652,
    1332,
    469,
    898,
    320,
    778,
    604,
    735,
    689,
    808,
    632,
    773,
    728,
    665,
    500,
    0,
    195,
    313,
    142,
    76,
    412,
    353,
    173,
    322,
    281,
    184,
    445,
    381,
    540,
    354,
    54,
    606,
    680,
    735,
    745,
    967,
    982,
    1041,
    1140,
    1154,
    1427,
    2115,
    1795,
    933,
    1361,
    785,
    582,
    408,
    540,
    495,
    613,
    436,
    579,
    533,
    471,
    306,
    195,
    0,
    119,
    53,
    119,
    219,
    159,
    22,
    127,
    86,
    138,
    252,
    187,
    346,
    159,
    251,
    411,
    486,
    540,
    549,
    772,
    788,
    847,
    946,
    959,
    1233,
    1920,
    1600,
    739,
    1166,
    589,
    498,
    324,
    455,
    411,
    528,
    352,
    494,
    448,
    386,
    186,
    313,
    119,
    0,
    171,
    238,
    99,
    36,
    144,
    78,
    36,
    158,
    129,
    64,
    222,
    108,
    298,
    326,
    401,
    455,
    465,
    687,
    704,
    762,
    861,
    874,
    1148,
    1835,
    1515,
    654,
    1081,
    506,
    634,
    460,
    592,
    547,
    665,
    488,
    631,
    585,
    522,
    358,
    142,
    53,
    171,
    0,
    66,
    271,
    211,
    31,
    180,
    139,
    84,
    304,
    239,
    398,
    212,
    196,
    462,
    538,
    592,
    601,
    824,
    840,
    899,
    998,
    1011,
    1285,
    1972,
    1652,
    791,
    1218,
    642,
    702,
    528,
    660,
    614,
    733,
    556,
    698,
    653,
    589,
    425,
    76,
    119,
    238,
    66,
    0,
    336,
    278,
    96,
    246,
    205,
    108,
    369,
    306,
    465,
    278,
    132,
    531,
    605,
    660,
    669,
    892,
    907,
    966,
    1065,
    1079,
    1352,
    2040,
    1720,
    858,
    1286,
    709,
    399,
    226,
    356,
    312,
    431,
    254,
    395,
    349,
    288,
    87,
    412,
    219,
    99,
    271,
    336,
    0,
    62,
    242,
    91,
    132,
    256,
    31,
    35,
    124,
    58,
    396,
    228,
    302,
    356,
    367,
    589,
    605,
    664,
    762,
    776,
    1049,
    1738,
    1418,
    555,
    984,
    408,
    464,
    291,
    421,
    375,
    494,
    319,
    460,
    414,
    352,
    149,
    353,
    159,
    36,
    211,
    278,
    62,
    0,
    184,
    45,
    72,
    194,
    93,
    27,
    186,
    75,
    334,
    293,
    366,
    421,
    432,
    653,
    669,
    728,
    827,
    840,
    1114,
    1801,
    1481,
    620,
    1048,
    469,
    607,
    434,
    565,
    519,
    638,
    462,
    604,
    558,
    495,
    332,
    173,
    22,
    144,
    31,
    96,
    242,
    184,
    0,
    149,
    108,
    118,
    275,
    212,
    372,
    181,
    231,
    436,
    509,
    565,
    575,
    796,
    813,
    872,
    971,
    984,
    1258,
    1945,
    1625,
    764,
    1192,
    611,
    455,
    282,
    413,
    368,
    487,
    311,
    452,
    406,
    345,
    179,
    322,
    127,
    78,
    180,
    246,
    91,
    45,
    149,
    0,
    41,
    264,
    124,
    59,
    219,
    32,
    376,
    285,
    359,
    413,
    424,
    646,
    661,
    720,
    819,
    833,
    1106,
    1794,
    1474,
    612,
    1040,
    463,
    495,
    321,
    453,
    408,
    526,
    349,
    492,
    446,
    384,
    219,
    281,
    86,
    36,
    139,
    205,
    132,
    72,
    108,
    41,
    0,
    222,
    165,
    100,
    259,
    73,
    335,
    324,
    399,
    453,
    462,
    685,
    701,
    760,
    859,
    872,
    1146,
    1833,
    1513,
    652,
    1079,
    503,
    684,
    509,
    641,
    596,
    714,
    538,
    680,
    634,
    572,
    344,
    184,
    138,
    158,
    84,
    108,
    256,
    194,
    118,
    264,
    222,
    0,
    287,
    221,
    380,
    294,
    140,
    512,
    587,
    641,
    651,
    873,
    889,
    948,
    1047,
    1060,
    1334,
    2021,
    1701,
    840,
    1267,
    664,
    371,
    196,
    328,
    282,
    401,
    225,
    366,
    321,
    258,
    56,
    445,
    252,
    129,
    304,
    369,
    31,
    93,
    275,
    124,
    165,
    287,
    0,
    66,
    93,
    91,
    427,
    199,
    273,
    328,
    338,
    560,
    575,
    634,
    733,
    747,
    1020,
    1708,
    1388,
    526,
    954,
    376,
    438,
    265,
    395,
    349,
    468,
    293,
    434,
    388,
    326,
    122,
    381,
    187,
    64,
    239,
    306,
    35,
    27,
    212,
    59,
    100,
    221,
    66,
    0,
    159,
    49,
    361,
    267,
    340,
    395,
    406,
    627,
    644,
    702,
    801,
    814,
    1088,
    1775,
    1455,
    594,
    1022,
    442,
    298,
    125,
    255,
    211,
    329,
    153,
    294,
    248,
    187,
    36,
    540,
    346,
    222,
    398,
    465,
    124,
    186,
    372,
    219,
    259,
    380,
    93,
    159,
    0,
    186,
    520,
    127,
    201,
    255,
    266,
    488,
    504,
    562,
    661,
    675,
    948,
    1636,
    1316,
    454,
    882,
    302,
    422,
    249,
    380,
    335,
    454,
    278,
    419,
    373,
    312,
    146,
    354,
    159,
    108,
    212,
    278,
    58,
    75,
    181,
    32,
    73,
    294,
    91,
    49,
    186,
    0,
    407,
    252,
    326,
    380,
    391,
    613,
    628,
    687,
    786,
    800,
    1073,
    1761,
    1441,
    579,
    1007,
    431,
    796,
    622,
    754,
    709,
    827,
    651,
    793,
    747,
    685,
    484,
    54,
    251,
    298,
    196,
    132,
    396,
    334,
    231,
    376,
    335,
    140,
    427,
    361,
    520,
    407,
    0,
    625,
    700,
    754,
    764,
    986,
    1002,
    1061,
    1160,
    1173,
    1447,
    2134,
    1814,
    953,
    1380,
    804,
    333,
    160,
    291,
    246,
    365,
    188,
    329,
    284,
    222,
    142,
    606,
    411,
    326,
    462,
    531,
    228,
    293,
    436,
    285,
    324,
    512,
    199,
    267,
    127,
    252,
    625,
    0,
    74,
    169,
    140,
    432,
    448,
    507,
    606,
    620,
    893,
    1580,
    1260,
    399,
    827,
    247,
    408,
    234,
    366,
    320,
    439,
    262,
    404,
    359,
    295,
    216,
    680,
    486,
    401,
    538,
    605,
    302,
    366,
    509,
    359,
    399,
    587,
    273,
    340,
    201,
    326,
    700,
    74,
    0,
    96,
    66,
    359,
    375,
    434,
    533,
    547,
    820,
    1507,
    1187,
    326,
    754,
    173,
    462,
    288,
    420,
    375,
    493,
    316,
    459,
    413,
    351,
    272,
    735,
    540,
    455,
    592,
    660,
    356,
    421,
    565,
    413,
    453,
    641,
    328,
    395,
    255,
    380,
    754,
    169,
    96,
    0,
    52,
    305,
    321,
    380,
    479,
    492,
    766,
    1453,
    1133,
    272,
    699,
    119,
    472,
    299,
    429,
    385,
    504,
    327,
    468,
    422,
    361,
    281,
    745,
    549,
    465,
    601,
    669,
    367,
    432,
    575,
    424,
    462,
    651,
    338,
    406,
    266,
    391,
    764,
    140,
    66,
    52,
    0,
    291,
    307,
    366,
    465,
    479,
    752,
    1439,
    1119,
    258,
    686,
    107,
    694,
    521,
    652,
    607,
    726,
    549,
    691,
    645,
    582,
    504,
    967,
    772,
    687,
    824,
    892,
    589,
    653,
    796,
    646,
    685,
    873,
    560,
    627,
    488,
    613,
    986,
    432,
    359,
    305,
    291,
    0,
    184,
    136,
    235,
    487,
    761,
    1448,
    1128,
    267,
    694,
    105,
    711,
    536,
    668,
    622,
    741,
    565,
    707,
    661,
    599,
    519,
    982,
    788,
    704,
    840,
    907,
    605,
    669,
    813,
    661,
    701,
    889,
    575,
    644,
    504,
    628,
    1002,
    448,
    375,
    321,
    307,
    184,
    0,
    115,
    241,
    502,
    776,
    1464,
    1144,
    282,
    711,
    52,
    769,
    595,
    727,
    681,
    800,
    624,
    766,
    720,
    658,
    578,
    1041,
    847,
    762,
    899,
    966,
    664,
    728,
    872,
    720,
    760,
    948,
    634,
    702,
    562,
    687,
    1061,
    507,
    434,
    380,
    366,
    136,
    115,
    0,
    126,
    561,
    835,
    1522,
    1202,
    341,
    769,
    167,
    868,
    694,
    826,
    780,
    899,
    722,
    865,
    819,
    756,
    676,
    1140,
    946,
    861,
    998,
    1065,
    762,
    827,
    971,
    819,
    859,
    1047,
    733,
    801,
    661,
    786,
    1160,
    606,
    533,
    479,
    465,
    235,
    241,
    126,
    0,
    660,
    934,
    1621,
    1301,
    440,
    868,
    293,
    881,
    708,
    839,
    794,
    913,
    736,
    878,
    832,
    769,
    691,
    1154,
    959,
    874,
    1011,
    1079,
    776,
    840,
    984,
    833,
    872,
    1060,
    747,
    814,
    675,
    800,
    1173,
    620,
    547,
    492,
    479,
    487,
    502,
    561,
    660,
    0,
    438,
    1336,
    1016,
    281,
    582,
    240,
    1155,
    981,
    1113,
    1067,
    1186,
    1009,
    1152,
    1106,
    1044,
    964,
    1427,
    1233,
    1148,
    1285,
    1352,
    1049,
    1114,
    1258,
    1106,
    1146,
    1334,
    1020,
    1088,
    948,
    1073,
    1447,
    893,
    820,
    766,
    752,
    761,
    776,
    835,
    934,
    438,
    0,
    1609,
    1289,
    555,
    855,
    580,
    1842,
    1669,
    1800,
    1755,
    1874,
    1698,
    1839,
    1793,
    1731,
    1652,
    2115,
    1920,
    1835,
    1972,
    2040,
    1738,
    1801,
    1945,
    1794,
    1833,
    2021,
    1708,
    1775,
    1636,
    1761,
    2134,
    1580,
    1507,
    1453,
    1439,
    1448,
    1464,
    1522,
    1621,
    1336,
    1609,
    0,
    309,
    1242,
    1098,
    1259,
    1522,
    1349,
    1480,
    1435,
    1554,
    1378,
    1519,
    1473,
    1411,
    1332,
    1795,
    1600,
    1515,
    1652,
    1720,
    1418,
    1481,
    1625,
    1474,
    1513,
    1701,
    1388,
    1455,
    1316,
    1441,
    1814,
    1260,
    1187,
    1133,
    1119,
    1128,
    1144,
    1202,
    1301,
    1016,
    1289,
    309,
    0,
    922,
    778,
    950,
    661,
    487,
    619,
    573,
    692,
    515,
    658,
    612,
    549,
    469,
    933,
    739,
    654,
    791,
    858,
    555,
    620,
    764,
    612,
    652,
    840,
    526,
    594,
    454,
    579,
    953,
    399,
    326,
    272,
    258,
    267,
    282,
    341,
    440,
    281,
    555,
    1242,
    922,
    0,
    488,
    86,
    1088,
    915,
    1046,
    1001,
    1120,
    944,
    1085,
    1039,
    978,
    898,
    1361,
    1166,
    1081,
    1218,
    1286,
    984,
    1048,
    1192,
    1040,
    1079,
    1267,
    954,
    1022,
    882,
    1007,
    1380,
    827,
    754,
    699,
    686,
    694,
    711,
    769,
    868,
    582,
    855,
    1098,
    778,
    488,
    0,
    518,
    509,
    337,
    468,
    423,
    538,
    368,
    503,
    462,
    402,
    320,
    785,
    589,
    506,
    642,
    709,
    408,
    469,
    611,
    463,
    503,
    664,
    376,
    442,
    302,
    431,
    804,
    247,
    173,
    119,
    107,
    105,
    52,
    167,
    293,
    240,
    580,
    1259,
    950,
    86,
    518,
    0
  ],
  "distances": [
    0,
    158,
    11,
    84,
    25,
    128,
    5,
    50,
    67,
    267,
    661,
    495,
    423,
    539,
    597,
    339,
    394,
    516,
    387,
    421,
    581,
    315,
    372,
    253,
    359,
    677,
    283,
    347,
    393,
    401,
    590,
    604,
    654,
    738,
    749,
    982,
    1566,
    1294,
    562,
    925,
    432,
    158,
    0,
    146,
    74,
    134,
    27,
    164,
    107,
    86,
    119,
    513,
    347,
    275,
    391,
    449,
    192,
    247,
    369,
    240,
    273,
    433,
    167,
    225,
    106,
    212,
    529,
    136,
    199,
    245,
    254,
    443,
    456,
    506,
    590,
    602,
    834,
    1419,
    1147,
    414,
    778,
    286,
    11,
    146,
    0,
    72,
    14,
    116,
    16,
    38,
    56,
    231,
    625,
    459,
    387,
    503,
    561,
    303,
    358,
    480,
    351,
    385,
    545,
    279,
    336,
    217,
    323,
    641,
    247,
    311,
    357,
    365,
    554,
    568,
    618,
    702,
    713,
    946,
    1530,
    1258,
    526,
    889,
    397,
    84,
    74,
    72,
    0,
    60,
    47,
    90,
    33,
    48,
    192,
    586,
    421,
    349,
    465,
    522,
    265,
    319,
    441,
    313,
    347,
    507,
    240,
    297,
    179,
    285,
    603,
    209,
    272,
    319,
    327,
    516,
    529,
    579,
    663,
    675,
    907,
    1492,
    1220,
    487,
    851,
    359,
    25,
    134,
    14,
    60,
    0,
    104,
    30,
    44,
    42,
    293,
    687,
    521,
    449,
    565,
    623,
    366,
    420,
    542,
    414,
    447,
    607,
    341,
    398,
    280,
    386,
    703,
    310,
    373,
    419,
    428,
    617,
    630,
    680,
    764,
    776,
    1008,
    1593,
    1321,
    588,
    952,
    458,
    128,
    27,
    116,
    47,
    104,
    0,
    135,
    80,
    58,
    143,
    537,
    371,
    299,
    415,
    473,
    216,
    271,
    393,
    264,
    297,
    457,
    191,
    249,
    130,
    236,
    553,
    160,
    223,
    269,
    278,
    467,
    480,
    530,
    614,
    626,
    858,
    1443,
    1171,
    438,
    802,
    312,
    5,
    164,
    16,
    90,
    30,
    135,
    0,
    56,
    72,
    263,
    657,
    492,
    420,
    536,
    593,
    336,
    391,
    513,
    384,
    418,
    578,
    311,
    369,
    250,
    356,
    674,
    280,
    343,
    390,
    398,
    587,
    601,
    651,
    735,
    746,
    979,
    1563,
    1291,
    559,
    922,
    428,
    50,
    107,
    38,
    33,
    44,
    80,
    56,
    0,
    81,
    225,
    619,
    453,
    381,
    497,
    555,
    297,
    352,
    474,
    345,
    379,
    539,
    273,
    330,
    211,
    317,
    635,
    241,
    305,
    351,
    359,
    548,
    562,
    612,
    696,
    707,
    940,
    1524,
    1252,
    520,
    883,
    392,
    67,
    86,
    56,
    48,
    42,
    58,
    72,
    81,
    0,
    171,
    565,
    400,
    328,
    444,
    501,
    245,
    299,
    421,
    293,
    326,
    486,
    219,
    277,
    159,
    265,
    582,
    189,
    251,
    298,
    307,
    495,
    509,
    559,
    643,
    654,
    887,
    1471,
    1199,
    467,
    831,
    341,
    267,
    119,
    231,
    192,
    293,
    143,
    263,
    225,
    171,
    0,
    425,
    260,
    158,
    304,
    361,
    74,
    127,
    282,
    152,
    186,
    292,
    48,
    104,
    31,
    124,
    411,
    121,
    184,
    231,
    239,
    428,
    441,
    491,
    575,
    587,
    819,
    1404,
    1132,
    399,
    763,
    272,
    661,
    513,
    625,
    586,
    687,
    537,
    657,
    619,
    565,
    425,
    0,
    166,
    266,
    121,
    65,
    350,
    300,
    147,
    274,
    239,
    156,
    378,
    324,
    459,
    301,
    46,
    515,
    578,
    625,
    633,
    822,
    835,
    885,
    969,
    981,
    1213,
    1798,
    1526,
    793,
    1157,
    667,
    495,
    347,
    459,
    421,
    521,
    371,
    492,
    453,
    400,
    260,
    166,
    0,
    101,
    45,
    101,
    186,
    135,
    19,
    108,
    73,
    117,
    214,
    159,
    294,
    135,
    213,
    349,
    413,
    459,
    467,
    656,
    670,
    720,
    804,
    815,
    1048,
    1632,
    1360,
    628,
    991,
    500,
    423,
    275,
    387,
    349,
    449,
    299,
    420,
    381,
    328,
    158,
    266,
    101,
    0,
    145,
    202,
    84,
    31,
    122,
    66,
    31,
    134,
    110,
    54,
    189,
    92,
    253,
    277,
    341,
    387,
    395,
    584,
    598,
    648,
    732,
    743,
    976,
    1560,
    1288,
    556,
    919,
    430,
    539,
    391,
    503,
    465,
    565,
    415,
    536,
    497,
    444,
    304,
    121,
    45,
    145,
    0,
    56,
    230,
    179,
    26,
    153,
    118,
    71,
    258,
    203,
    338,
    180,
    167,
    393,
    457,
    503,
    511,
    700,
    714,
    764,
    848,
    859,
    1092,
    1676,
    1404,
    672,
    1035,
    545,
    597,
    449,
    561,
    522,
    623,
    473,
    593,
    555,
    501,
    361,
    65,
    101,
    202,
    56,
    0,
    286,
    236,
    82,
    209,
    174,
    92,
    314,
    260,
    395,
    236,
    112,
    451,
    514,
    561,
    569,
    758,
    771,
    821,
    905,
    917,
    1149,
    1734,
    1462,
    729,
    1093,
    602,
    339,
    192,
    303,
    265,
    366,
    216,
    336,
    297,
    245,
    74,
    350,
    186,
    84,
    230,
    286,
    0,
    53,
    206,
    77,
    112,
    218,
    26,
    30,
    105,
    49,
    337,
    194,
    257,
    303,
    312,
    501,
    514,
    564,
    648,
    660,
    892,
    1477,
    1205,
    472,
    836,
    346,
    394,
    247,
    358,
    319,
    420,
    271,
    391,
    352,
    299,
    127,
    300,
    135,
    31,
    179,
    236,
    53,
    0,
    156,
    38,
    61,
    165,
    79,
    23,
    158,
    64,
    284,
    249,
    311,
    358,
    367,
    555,
    569,
    619,
    703,
    714,
    947,
    1531,
    1259,
    527,
    891,
    398,
    516,
    369,
    480,
    441,
    542,
    393,
    513,
    474,
    421,
    282,
    147,
    19,
    122,
    26,
    82,
    206,
    156,
    0,
    127,
    92,
    100,
    234,
    180,
    316,
    154,
    196,
    371,
    433,
    480,
    489,
    677,
    691,
    741,
    825,
    836,
    1069,
    1653,
    1381,
    649,
    1013,
    519,
    387,
    240,
    351,
    313,
    414,
    264,
    384,
    345,
    293,
    152,
    274,
    108,
    66,
    153,
    209,
    77,
    38,
    127,
    0,
    35,
    224,
    105,
    50,
    186,
    27,
    320,
    242,
    305,
    351,
    360,
    549,
    562,
    612,
    696,
    708,
    940,
    1525,
    1253,
    520,
    884,
    393,
    421,
    273,
    385,
    347,
    447,
    297,
    418,
    379,
    326,
    186,
    239,
    73,
    31,
    118,
    174,
    112,
    61,
    92,
    35,
    0,
    189,
    140,
    85,
    220,
    62,
    285,
    275,
    339,
    385,
    393,
    582,
    596,
    646,
    730,
    741,
    974,
    1558,
    1286,
    554,
    917,
    427,
    581,
    433,
    545,
    507,
    607,
    457,
    578,
    539,
    486,
    292,
    156,
    117,
    134,
    71,
    92,
    218,
    165,
    100,
    224,
    189,
    0,
    244,
    188,
    323,
    250,
    119,
    435,
    499,
    545,
    553,
    742,
    756,
    806,
    890,
    901,
    1134,
    1718,
    1446,
    714,
    1077,
    564,
    315,
    167,
    279,
    240,
    341,
    191,
    311,
    273,
    219,
    48,
    378,
    214,
    110,
    258,
    314,
    26,
    79,
    234,
    105,
    140,
    244,
    0,
    56,
    79,
    77,
    363,
    169,
    232,
    279,
    287,
    476,
    489,
    539,
    623,
    635,
    867,
    1452,
    1180,
    447,
    811,
    319,
    372,
    225,
    336,
    297,
    398,
    249,
    369,
    330,
    277,
    104,
    324,
    159,
    54,
    203,
    260,
    30,
    23,
    180,
    50,
    85,
    188,
    56,
    0,
    135,
    42,
    307,
    227,
    289,
    336,
    345,
    533,
    547,
    597,
    681,
    692,
    925,
    1509,
    1237,
    505,
    869,
    375,
    253,
    106,
    217,
    179,
    280,
    130,
    250,
    211,
    159,
    31,
    459,
    294,
    189,
    338,
    395,
    105,
    158,
    316,
    186,
    220,
    323,
    79,
    135,
    0,
    158,
    442,
    108,
    171,
    217,
    226,
    415,
    428,
    478,
    562,
    574,
    806,
    1391,
    1119,
    386,
    750,
    256,
    359,
    212,
    323,
    285,
    386,
    236,
    356,
    317,
    265,
    124,
    301,
    135,
    92,
    180,
    236,
    49,
    64,
    154,
    27,
    62,
    250,
    77,
    42,
    158,
    0,
    346,
    214,
    277,
    323,
    332,
    521,
    534,
    584,
    668,
    680,
    912,
    1497,
    1225,
    492,
    856,
    366,
    677,
    529,
    641,
    603,
    703,
    553,
    674,
    635,
    582,
    411,
    46,
    213,
    253,
    167,
    112,
    337,
    284,
    196,
    320,
    285,
    119,
    363,
    307,
    442,
    346,
    0,
    531,
    595,
    641,
    649,
    838,
    852,
    902,
    986,
    997,
    1230,
    1814,
    1542,
    810,
    1173,
    683,
    283,
    136,
    247,
    209,
    310,
    160,
    280,
    241,
    189,
    121,
    515,
    349,
    277,
    393,
    451,
    194,
    249,
    371,
    242,
    275,
    435,
    169,
    227,
    108,
    214,
    531,
    0,
    63,
    144,
    119,
    367,
    381,
    431,
    515,
    527,
    759,
    1343,
    1071,
    339,
    703,
    210,
    347,
    199,
    311,
    272,
    373,
    223,
    343,
    305,
    251,
    184,
    578,
    413,
    341,
    457,
    514,
    257,
    311,
    433,
    305,
    339,
    499,
    232,
    289,
    171,
    277,
    595,
    63,
    0,
    82,
    56,
    305,
    319,
    369,
    453,
    465,
    697,
    1281,
    1009,
    277,
    641,
    147,
    393,
    245,
    357,
    319,
    419,
    269,
    390,
    351,
    298,
    231,
    625,
    459,
    387,
    503,
    561,
    303,
    358,
    480,
    351,
    385,
    545,
    279,
    336,
    217,
    323,
    641,
    144,
    82,
    0,
    44,
    259,
    273,
    323,
    407,
    418,
    651,
    1235,
    963,
    231,
    594,
    101,
    401,
    254,
    365,
    327,
    428,
    278,
    398,
    359,
    307,
    239,
    633,
    467,
    395,
    511,
    569,
    312,
    367,
    489,
    360,
    393,
    553,
    287,
    345,
    226,
    332,
    649,
    119,
    56,
    44,
    0,
    247,
    261,
    311,
    395,
    407,
    639,
    1223,
    951,
    219,
    583,
    91,
    590,
    443,
    554,
    516,
    617,
    467,
    587,
    548,
    495,
    428,
    822,
    656,
    584,
    700,
    758,
    501,
    555,
    677,
    549,
    582,
    742,
    476,
    533,
    415,
    521,
    838,
    367,
    305,
    259,
    247,
    0,
    156,
    116,
    200,
    414,
    647,
    1231,
    959,
    227,
    590,
    89,
    604,
    456,
    568,
    529,
    630,
    480,
    601,
    562,
    509,
    441,
    835,
    670,
    598,
    714,
    771,
    514,
    569,
    691,
    562,
    596,
    756,
    489,
    547,
    428,
    534,
    852,
    381,
    319,
    273,
    261,
    156,
    0,
    98,
    205,
    427,
    660,
    1244,
    972,
    240,
    604,
    44,
    654,
    506,
    618,
    579,
    680,
    530,
    651,
    612,
    559,
    491,
    885,
    720,
    648,
    764,
    821,
    564,
    619,
    741,
    612,
    646,
    806,
    539,
    597,
    478,
    584,
    902,
    431,
    369,
    323,
    311,
    116,
    98,
    0,
    107,
    477,
    710,
    1294,
    1022,
    290,
    654,
    142,
    738,
    590,
    702,
    663,
    764,
    614,
    735,
    696,
    643,
    575,
    969,
    804,
    732,
    848,
    905,
    648,
    703,
    825,
    696,
    730,
    890,
    623,
    681,
    562,
    668,
    986,
    515,
    453,
    407,
    395,
    200,
    205,
    107,
    0,
    561,
    794,
    1378,
    1106,
    374,
    738,
    249,
    749,
    602,
    713,
    675,
    776,
    626,
    746,
    707,
    654,
    587,
    981,
    815,
    743,
    859,
    917,
    660,
    714,
    836,
    708,
    741,
    901,
    635,
    692,
    574,
    680,
    997,
    527,
    465,
    418,
    407,
    414,
    427,
    477,
    561,
    0,
    372,
    1136,
    864,
    239,
    495,
    204,
    982,
    834,
    946,
    907,
    1008,
    858,
    979,
    940,
    887,
    819,
    1213,
    1048,
    976,
    1092,
    1149,
    892,
    947,
    1069,
    940,
    974,
    1134,
    867,
    925,
    806,
    912,
    1230,
    759,
    697,
    651,
    639,
    647,
    660,
    710,
    794,
    372,
    0,
    1368,
    1096,
    472,
    727,
    493,
    1566,
    1419,
    1530,
    1492,
    1593,
    1443,
    1563,
    1524,
    1471,
    1404,
    1798,
    1632,
    1560,
    1676,
    1734,
    1477,
    1531,
    1653,
    1525,
    1558,
    1718,
    1452,
    1509,
    1391,
    1497,
    1814,
    1343,
    1281,
    1235,
    1223,
    1231,
    1244,
    1294,
    1378,
    1136,
    1368,
    0,
    263,
    1056,
    933,
    1070,
    1294,
    1147,
    1258,
    1220,
    1321,
    1171,
    1291,
    1252,
    1199,
    1132,
    1526,
    1360,
    1288,
    1404,
    1462,
    1205,
    1259,
    1381,
    1253,
    1286,
    1446,
    1180,
    1237,
    1119,
    1225,
    1542,
    1071,
    1009,
    963,
    951,
    959,
    972,
    1022,
    1106,
    864,
    1096,
    263,
    0,
    784,
    661,
    807,
    562,
    414,
    526,
    487,
    588,
    438,
    559,
    520,
    467,
    399,
    793,
    628,
    556,
    672,
    729,
    472,
    527,
    649,
    520,
    554,
    714,
    447,
    505,
    386,
    492,
    810,
    339,
    277,
    231,
    219,
    227,
    240,
    290,
    374,
    239,
    472,
    1056,
    784,
    0,
    415,
    73,
    925,
    778,
    889,
    851,
    952,
    802,
    922,
    883,
    831,
    763,
    1157,
    991,
    919,
    1035,
    1093,
    836,
    891,
    1013,
    884,
    917,
    1077,
    811,
    869,
    750,
    856,
    1173,
    703,
    641,
    594,
    583,
    590,
    604,
    654,
    738,
    495,
    727,
    933,
    661,
    415,
    0,
    441,
    432,
    286,
    397,
    359,
    458,
    312,
    428,
    392,
    341,
    272,
    667,
    500,
    430,
    545,
    602,
    346,
    398,
    519,
    393,
    427,
    564,
    319,
    375,
    256,
    366,
    683,
    210,
    147,
    101,
    91,
    89,
    44,
    142,
    249,
    204,
    493,
    1070,
    807,
    73,
    441,
    0
  ]
}