{
  "profile": "person",
  "travelTimes": [
    0,
    132,
    9,
    70,
    21,
    107,
    35,
    42,
    56,
    222,
    551,
    412,
    352,
    449,
    498,
    282,
    328,
    430,
    322,
    351,
    484,
    262,
    310,
    211,
    299,
    564,
    236,
    289,
    328,
    334,
    492,
    503,
    545,
    624,
    818,
    1305,
    1078,
    468,
    360,
    132,
    0,
    122,
    62,
    112,
    22,
    107,
    89,
    72,
    99,
    428,
    289,
    229,
    326,
    374,
    160,
    206,
    308,
    200,
    228,
    361,
    139,
    188,
    88,
    177,
    441,
    113,
    166,
    204,
    212,
    369,
    380,
    422,
    502,
    695,
    1182,
    956,
    345,
    239,
    9,
    122,
    0,
    60,
    12,
    97,
    43,
    32,
    47,
    192,
    521,
    382,
    322,
    419,
    468,
    252,
    298,
    400,
    292,
    321,
    454,
    232,
    280,
    181,
    269,
    534,
    206,
    259,
    298,
    304,
    462,
    473,
    515,
    594,
    788,
    1275,
    1048,
    438,
    331,
    70,
    62,
    60,
    0,
    50,
    39,
    45,
    28,
    40,
    160,
    488,
    351,
    291,
    388,
    435,
    221,
    266,
    368,
    261,
    289,
    422,
    200,
    248,
    149,
    238,
    502,
    174,
    227,
    266,
    272,
    430,
    441,
    482,
    562,
    756,
    1243,
    1017,
    406,
    300,
    21,
    112,
    12,
    50,
    0,
    87,
    57,
    37,
    35,
    244,
    572,
    434,
    374,
    471,
    519,
    305,
    350,
    452,
    345,
    372,
    506,
    284,
    332,
    233,
    322,
    586,
    258,
    311,
    349,
    357,
    514,
    525,
    567,
    647,
    840,
    1328,
    1101,
    490,
    381,
    107,
    22,
    97,
    39,
    87,
    0,
    84,
    67,
    48,
    119,
    448,
    309,
    249,
    346,
    394,
    180,
    226,
    328,
    220,
    248,
    381,
    159,
    208,
    108,
    197,
    461,
    133,
    186,
    224,
    232,
    389,
    400,
    442,
    522,
    715,
    1202,
    976,
    365,
    260,
    35,
    107,
    43,
    45,
    57,
    84,
    0,
    18,
    88,
    219,
    548,
    410,
    350,
    447,
    494,
    280,
    326,
    428,
    320,
    348,
    482,
    259,
    308,
    208,
    297,
    562,
    233,
    286,
    325,
    332,
    489,
    501,
    542,
    622,
    816,
    1302,
    1076,
    466,
    356,
    42,
    89,
    32,
    28,
    37,
    67,
    18,
    0,
    68,
    188,
    516,
    378,
    318,
    414,
    462,
    248,
    293,
    395,
    288,
    316,
    449,
    228,
    275,
    176,
    264,
    529,
    201,
    254,
    292,
    299,
    457,
    468,
    510,
    589,
    783,
    1270,
    1043,
    433,
    327,
    56,
    72,
    47,
    40,
    35,
    48,
    88,
    68,
    0,
    142,
    471,
    333,
    273,
    370,
    418,
    204,
    249,
    351,
    244,
    272,
    405,
    182,
    231,
    132,
    221,
    485,
    158,
    209,
    248,
    256,
    412,
    424,
    466,
    545,
    739,
    1226,
    999,
    389,
    284,
    222,
    99,
    192,
    160,
    244,
    119,
    219,
    188,
    142,
    0,
    354,
    217,
    132,
    253,
    301,
    62,
    106,
    235,
    127,
    155,
    243,
    40,
    87,
    54,
    103,
    342,
    101,
    153,
    192,
    199,
    357,
    368,
    409,
    489,
    682,
    1170,
    943,
    332,
    227,
    551,
    428,
    521,
    488,
    572,
    448,
    548,
    516,
    471,
    354,
    0,
    138,
    222,
    101,
    54,
    292,
    250,
    122,
    228,
    199,
    130,
    315,
    270,
    355,
    251,
    38,
    429,
    482,
    521,
    528,
    685,
    696,
    738,
    818,
    1011,
    1498,
    1272,
    661,
    556,
    412,
    289,
    382,
    351,
    434,
    309,
    410,
    378,
    333,
    217,
    138,
    0,
    84,
    38,
    84,
    155,
    112,
    16,
    90,
    61,
    98,
    178,
    132,
    217,
    112,
    178,
    291,
    344,
    382,
    389,
    547,
    558,
    600,
    679,
    873,
    1360,
    1133,
    523,
    417,
    352,
    229,
    322,
    291,
    374,
    249,
    350,
    318,
    273,
    132,
    222,
    84,
    0,
    121,
    168,
    70,
    26,
    102,
    55,
    26,
    112,
    92,
    45,
    185,
    77,
    211,
    231,
    284,
    322,
    329,
    487,
    498,
    540,
    619,
    813,
    1300,
    1073,
    463,
    359,
    449,
    326,
    419,
    388,
    471,
    346,
    447,
    414,
    370,
    253,
    101,
    38,
    121,
    0,
    47,
    192,
    149,
    22,
    128,
    98,
    59,
    215,
    169,
    254,
    150,
    139,
    328,
    381,
    419,
    426,
    583,
    595,
    637,
    716,
    910,
    1397,
    1170,
    560,
    454,
    498,
    374,
    468,
    435,
    519,
    394,
    494,
    462,
    418,
    301,
    54,
    84,
    168,
    47,
    0,
    238,
    197,
    68,
    174,
    145,
    77,
    262,
    217,
    301,
    197,
    93,
    376,
    428,
    468,
    474,
    632,
    642,
    684,
    764,
    958,
    1445,
    1218,
    608,
    502,
    282,
    160,
    252,
    221,
    305,
    180,
    280,
    248,
    204,
    62,
    292,
    155,
    70,
    192,
    238,
    0,
    44,
    172,
    64,
    93,
    182,
    22,
    25,
    115,
    41,
    281,
    162,
    214,
    252,
    260,
    418,
    428,
    470,
    550,
    743,
    1231,
    1004,
    393,
    289,
    328,
    206,
    298,
    266,
    350,
    226,
    326,
    293,
    249,
    106,
    250,
    112,
    26,
    149,
    197,
    44,
    0,
    130,
    32,
    51,
    138,
    66,
    19,
    162,
    53,
    237,
    208,
    259,
    298,
    306,
    462,
    474,
    516,
    595,
    789,
    1276,
    1049,
    439,
    332,
    430,
    308,
    400,
    368,
    452,
    328,
    428,
    395,
    351,
    235,
    122,
    16,
    102,
    22,
    68,
    172,
    130,
    0,
    106,
    77,
    83,
    195,
    150,
    232,
    128,
    163,
    309,
    361,
    400,
    408,
    564,
    576,
    618,
    697,
    891,
    1378,
    1151,
    541,
    433,
    322,
    200,
    292,
    261,
    345,
    220,
    320,
    288,
    244,
    127,
    228,
    90,
    55,
    128,
    174,
    64,
    32,
    106,
    0,
    29,
    187,
    88,
    42,
    127,
    22,
    267,
    202,
    254,
    292,
    300,
    458,
    468,
    510,
    590,
    783,
    1271,
    1044,
    433,
    328,
    351,
    228,
    321,
    289,
    372,
    248,
    348,
    316,
    272,
    155,
    199,
    61,
    26,
    98,
    145,
    93,
    51,
    77,
    29,
    0,
    158,
    117,
    71,
    156,
    52,
    238,
    229,
    282,
    321,
    328,
    485,
    497,
    538,
    618,
    812,
    1298,
    1072,
    462,
    356,
    484,
    361,
    454,
    422,
    506,
    381,
    482,
    449,
    405,
    243,
    130,
    98,
    112,
    59,
    77,
    182,
    138,
    83,
    187,
    158,
    0,
    203,
    157,
    317,
    208,
    99,
    362,
    416,
    454,
    461,
    618,
    630,
    672,
    751,
    945,
    1432,
    1205,
    595,
    470,
    262,
    139,
    232,
    200,
    284,
    159,
    259,
    228,
    182,
    40,
    315,
    178,
    92,
    215,
    262,
    22,
    66,
    195,
    88,
    117,
    203,
    0,
    47,
    95,
    64,
    302,
    141,
    193,
    232,
    239,
    397,
    408,
    449,
    529,
    722,
    1210,
    983,
    372,
    266,
    310,
    188,
    280,
    248,
    332,
    208,
    308,
    275,
    231,
    87,
    270,
    132,
    45,
    169,
    217,
    25,
    19,
    150,
    42,
    71,
    157,
    47,
    0,
    143,
    35,
    256,
    189,
    241,
    280,
    288,
    444,
    456,
    498,
    577,
    771,
    1258,
    1031,
    421,
    313,
    211,
    88,
    181,
    149,
    233,
    108,
    208,
    176,
    132,
    54,
    355,
    217,
    185,
    254,
    301,
    115,
    162,
    232,
    127,
    156,
    317,
    95,
    143,
    0,
    104,
    397,
    90,
    142,
    181,
    188,
    346,
    357,
    398,
    478,
    672,
    1159,
    932,
    322,
    214,
    299,
    177,
    269,
    238,
    322,
    197,
    297,
    264,
    221,
    103,
    251,
    112,
    77,
    150,
    197,
    41,
    53,
    128,
    22,
    52,
    208,
    64,
    35,
    104,
    0,
    288,
    178,
    231,
    269,
    277,
    434,
    445,
    487,
    567,
    760,
    1248,
    1021,
    410,
    305,
    564,
    441,
    534,
    502,
    586,
    461,
    562,
    529,
    485,
    342,
    38,
    178,
    211,
    139,
    93,
    281,
    237,
    163,
    267,
    238,
    99,
    302,
    256,
    397,
    288,
    0,
    442,
    496,
    534,
    541,
    698,
    710,
    752,
    831,
    1025,
    1512,
    1285,
    675,
    570,
    236,
    113,
    206,
    174,
    258,
    133,
    233,
    201,
    158,
    101,
    429,
    291,
    231,
    328,
    376,
    162,
    208,
    309,
    202,
    229,
    362,
    141,
    189,
    90,
    178,
    442,
    0,
    52,
    120,
    99,
    306,
    318,
    359,
    439,
    632,
    1119,
    892,
    282,
    175,
    289,
    166,
    259,
    227,
    311,
    186,
    286,
    254,
    209,
    153,
    482,
    344,
    284,
    381,
    428,
    214,
    259,
    361,
    254,
    282,
    416,
    193,
    241,
    142,
    231,
    496,
    52,
    0,
    68,
    47,
    254,
    266,
    308,
    388,
    581,
    1068,
    841,
    231,
    122,
    328,
    204,
    298,
    266,
    349,
    224,
    325,
    292,
    248,
    192,
    521,
    382,
    322,
    419,
    468,
    252,
    298,
    400,
    292,
    321,
    454,
    232,
    280,
    181,
    269,
    534,
    120,
    68,
    0,
    37,
    216,
    228,
    269,
    348,
    542,
    1029,
    802,
    192,
    84,
    334,
    212,
    304,
    272,
    357,
    232,
    332,
    299,
    256,
    199,
    528,
    389,
    329,
    426,
    474,
    260,
    306,
    408,
    300,
    328,
    461,
    239,
    288,
    188,
    277,
    541,
    99,
    47,
    37,
    0,
    206,
    218,
    259,
    339,
    532,
    1019,
    792,
    182,
    76,
    492,
    369,
    462,
    430,
    514,
    389,
    489,
    457,
    412,
    357,
    685,
    547,
    487,
    583,
    632,
    418,
    462,
    564,
    458,
    485,
    618,
    397,
    444,
    346,
    434,
    698,
    306,
    254,
    216,
    206,
    0,
    130,
    97,
    345,
    539,
    1026,
    799,
    189,
    74,
    503,
    380,
    473,
    441,
    525,
    400,
    501,
    468,
    424,
    368,
    696,
    558,
    498,
    595,
    642,
    428,
    474,
    576,
    468,
    497,
    630,
    408,
    456,
    357,
    445,
    710,
    318,
    266,
    228,
    218,
    130,
    0,
    82,
    356,
    550,
    1037,
    810,
    200,
    37,
    545,
    422,
    515,
    482,
    567,
    442,
    542,
    510,
    466,
    409,
    738,
    600,
    540,
    637,
    684,
    470,
    516,
    618,
    510,
    538,
    672,
    449,
    498,
    398,
    487,
    752,
    359,
    308,
    269,
    259,
    97,
    82,
    0,
    398,
    592,
    1078,
    852,
    242,
    118,
    624,
    502,
    594,
    562,
    647,
    522,
    622,
    589,
    545,
    489,
    818,
    679,
    619,
    716,
    764,
    550,
    595,
    697,
    590,
    618,
    751,
    529,
    577,
    478,
    567,
    831,
    439,
    388,
    348,
    339,
    345,
    356,
    398,
    0,
    241,
    947,
    720,
    199,
    170,
    818,
    695,
    788,
    756,
    840,
    715,
    816,
    783,
    739,
    682,
    1011,
    873,
    813,
    910,
    958,
    743,
    789,
    891,
    783,
    812,
    945,
    722,
    771,
    672,
    760,
    1025,
    632,
    581,
    542,
    532,
    539,
    550,
    592,
    241,
    0,
    1140,
    913,
    393,
    411,
    1305,
    1182,
    1275,
    1243,
    1328,
    1202,
    1302,
    1270,
    1226,
    1170,
    1498,
    1360,
    1300,
    1397,
    1445,
    1231,
    1276,
    1378,
    1271,
    1298,
    1432,
    1210,
    1258,
    1159,
    1248,
    1512,
    1119,
    1068,
    1029,
    1019,
    1026,
    1037,
    1078,
    947,
    1140,
    0,
    219,
    880,
    892,
    1078,
    956,
    1048,
    1017,
    1101,
    976,
    1076,
    1043,
    999,
    943,
    1272,
    1133,
    1073,
    1170,
    1218,
    1004,
    1049,
    1151,
    1044,
    1072,
    1205,
    983,
    1031,
    932,
    1021,
    1285,
    892,
    841,
    802,
    792,
    799,
    810,
    852,
    720,
    913,
    219,
    0,
    653,
    673,
    468,
    345,
    438,
    406,
    490,
    365,
    466,
    433,
    389,
    332,
    661,
    523,
    463,
    560,
    608,
    393,
    439,
    541,
    433,
    462,
    595,
    372,
    421,
    322,
    410,
    675,
    282,
    231,
    192,
    182,
    189,
    200,
    242,
    199,
    393,
    880,
    653,
    0,
    61,
    360,
    239,
    331,
    300,
    381,
    260,
    356,
    327,
    284,
    227,
    556,
    417,
    359,
    454,
    502,
    289,
    332,
    433,
    328,
    356,
    470,
    266,
    313,
    214,
    305,
    570,
    175,
    122,
    84,
    76,
    74,
    37,
    118,
    170,
    411,
    892,
    673,
    61,
    0
  ],
  "distances": [
    0,
    158,
    11,
    84,
    25,
    128,
    42,
    50,
    67,
    267,
    661,
    495,
    423,
    539,
    597,
    339,
    394,
    516,
    387,
    421,
    581,
    315,
    372,
    253,
    359,
    677,
    283,
    347,
    393,
    401,
    590,
    604,
    654,
    749,
    982,
    1566,
    1294,
    562,
    432,
    158,
    0,
    146,
    74,
    134,
    27,
    128,
    107,
    86,
    119,
    513,
    347,
    275,
    391,
    449,
    192,
    247,
    369,
    240,
    273,
    433,
    167,
    225,
    106,
    212,
    529,
    136,
    199,
    245,
    254,
    443,
    456,
    506,
    602,
    834,
    1419,
    1147,
    414,
    286,
    11,
    146,
    0,
    72,
    14,
    116,
    52,
    38,
    56,
    231,
    625,
    459,
    387,
    503,
    561,
    303,
    358,
    480,
    351,
    385,
    545,
    279,
    336,
    217,
    323,
    641,
    247,
    311,
    357,
    365,
    554,
    568,
    618,
    713,
    946,
    1530,
    1258,
    526,
    397,
    84,
    74,
    72,
    0,
    60,
    47,
    54,
    33,
    48,
    192,
    586,
    421,
    349,
    465,
    522,
    265,
    319,
    441,
    313,
    347,
    507,
    240,
    297,
    179,
    285,
    603,
    209,
    272,
    319,
    327,
    516,
    529,
    579,
    675,
    907,
    1492,
    1220,
    487,
    359,
    25,
    134,
    14,
    60,
    0,
    104,
    68,
    44,
    42,
    293,
    687,
    521,
    449,
    565,
    623,
    366,
    420,
    542,
    414,
    447,
    607,
    341,
    398,
    280,
    386,
    703,
    310,
    373,
    419,
    428,
    617,
    630,
    680,
    776,
    1008,
    1593,
    1321,
    588,
    458,
    128,
    27,
    116,
    47,
    104,
    0,
    101,
    80,
    58,
    143,
    537,
    371,
    299,
    415,
    473,
    216,
    271,
    393,
    264,
    297,
    457,
    191,
    249,
    130,
    236,
    553,
    160,
    223,
    269,
    278,
    467,
    480,
    530,
    626,
    858,
    1443,
    1171,
    438,
    312,
    42,
    128,
    52,
    54,
    68,
    101,
    0,
    21,
    106,
    263,
    657,
    492,
    420,
    536,
    593,
    336,
    391,
    513,
    384,
    418,
    578,
    311,
    369,
    250,
    356,
    674,
    280,
    343,
    390,
    398,
    587,
    601,
    651,
    746,
    979,
    1563,
    1291,
    559,
    428,
    50,
    107,
    38,
    33,
    44,
    80,
    21,
    0,
    81,
    225,
    619,
    453,
    381,
    497,
    555,
    297,
    352,
    474,
    345,
    379,
    539,
    273,
    330,
    211,
    317,
    635,
    241,
    305,
    351,
    359,
    548,
    562,
    612,
    707,
    940,
    1524,
    1252,
    520,
    392,
    67,
    86,
    56,
    48,
    42,
    58,
    106,
    81,
    0,
    171,
    565,
    400,
    328,
    444,
    501,
    245,
    299,
    421,
    293,
    326,
    486,
    219,
    277,
    159,
    265,
    582,
    189,
    251,
    298,
    307,
    495,
    509,
    559,
    654,
    887,
    1471,
    1199,
    467,
    341,
    267,
    119,
    231,
    192,
    293,
    143,
    263,
    225,
    171,
    0,
    425,
    260,
    158,
    304,
    361,
    74,
    127,
    282,
    152,
    186,
    292,
    48,
    104,
    65,
    124,
    411,
    121,
    184,
    231,
    239,
    428,
    441,
    491,
    587,
    819,
    1404,
    1132,
    399,
    272,
    661,
    513,
    625,
    586,
    687,
    537,
    657,
    619,
    565,
    425,
    0,
    166,
    266,
    121,
    65,
    350,
    300,
    147,
    274,
    239,
    156,
    378,
    324,
    426,
    301,
    46,
    515,
    578,
    625,
    633,
    822,
    835,
    885,
    981,
    1213,
    1798,
    1526,
    793,
    667,
    495,
    347,
    459,
    421,
    521,
    371,
    492,
    453,
    400,
    260,
    166,
    0,
    101,
    45,
    101,
    186,
    135,
    19,
    108,
    73,
    117,
    214,
    159,
    260,
    135,
    213,
    349,
    413,
    459,
    467,
    656,
    670,
    720,
    815,
    1048,
    1632,
    1360,
    628,
    500,
    423,
    275,
    387,
    349,
    449,
    299,
    420,
    381,
    328,
    158,
    266,
    101,
    0,
    145,
    202,
    84,
    31,
    122,
    66,
    31,
    134,
    110,
    54,
    222,
    92,
    253,
    277,
    341,
    387,
    395,
    584,
    598,
    648,
    743,
    976,
    1560,
    1288,
    556,
    430,
    539,
    391,
    503,
    465,
    565,
    415,
    536,
    497,
    444,
    304,
    121,
    45,
    145,
    0,
    56,
    230,
    179,
    26,
    153,
    118,
    71,
    258,
    203,
    305,
    180,
    167,
    393,
    457,
    503,
    511,
    700,
    714,
    764,
    859,
    1092,
    1676,
    1404,
    672,
    545,
    597,
    449,
    561,
    522,
    623,
    473,
    593,
    555,
    501,
    361,
    65,
    101,
    202,
    56,
    0,
    286,
    236,
    82,
    209,
    174,
    92,
    314,
    260,
    361,
    236,
    112,
    451,
    514,
    561,
    569,
    758,
    771,
    821,
    917,
    1149,
    1734,
    1462,
    729,
    602,
    339,
    192,
    303,
    265,
    366,
    216,
    336,
    297,
    245,
    74,
    350,
    186,
    84,
    230,
    286,
    0,
    53,
    206,
    77,
    112,
    218,
    26,
    30,
    138,
    49,
    337,
    194,
    257,
    303,
    312,
    501,
    514,
    564,
    660,
    892,
    1477,
    1205,
    472,
    346,
    394,
    247,
    358,
    319,
    420,
    271,
    391,
    352,
    299,
    127,
    300,
    135,
    31,
    179,
    236,
    53,
    0,
    156,
    38,
    61,
    165,
    79,
    23,
    194,
    64,
    284,
    249,
    311,
    358,
    367,
    555,
    569,
    619,
    714,
    947,
    1531,
    1259,
    527,
    398,
    516,
    369,
    480,
    441,
    542,
    393,
    513,
    474,
    421,
    282,
    147,
    19,
    122,
    26,
    82,
    206,
    156,
    0,
    127,
    92,
    100,
    234,
    180,
    279,
    154,
    196,
    371,
    433,
    480,
    489,
    677,
    691,
    741,
    836,
    1069,
    1653,
    1381,
    649,
    519,
    387,
    240,
    351,
    313,
    414,
    264,
    384,
    345,
    293,
    152,
    274,
    108,
    66,
    153,
    209,
    77,
    38,
    127,
    0,
    35,
    224,
    105,
    50,
    152,
    27,
    320,
    242,
    305,
    351,
    360,
    549,
    562,
    612,
    708,
    940,
    1525,
    1253,
    520,
    393,
    421,
    273,
    385,
    347,
    447,
    297,
    418,
    379,
    326,
    186,
    239,
    73,
    31,
    118,
    174,
    112,
    61,
    92,
    35,
    0,
    189,
    140,
    85,
    187,
    62,
    285,
    275,
    339,
    385,
    393,
    582,
    596,
    646,
    741,
    974,
    1558,
    1286,
    554,
    427,
    581,
    433,
    545,
    507,
    607,
    457,
    578,
    539,
    486,
    292,
    156,
    117,
    134,
    71,
    92,
    218,
    165,
    100,
    224,
    189,
    0,
    244,
    188,
    380,
    250,
    119,
    435,
    499,
    545,
    553,
    742,
    756,
    806,
    901,
    1134,
    1718,
    1446,
    714,
    564,
    315,
    167,
    279,
    240,
    341,
    191,
    311,
    273,
    219,
    48,
    378,
    214,
    110,
    258,
    314,
    26,
    79,
    234,
    105,
    140,
    244,
    0,
    56,
    114,
    77,
    363,
    169,
    232,
    279,
    287,
    476,
    489,
    539,
    635,
    867,
    1452,
    1180,
    447,
    319,
    372,
    225,
    336,
    297,
    398,
    249,
    369,
    330,
    277,
    104,
    324,
    159,
    54,
    203,
    260,
    30,
    23,
    180,
    50,
    85,
    188,
    56,
    0,
    172,
    42,
    307,
    227,
    289,
    336,
    345,
    533,
    547,
    597,
    692,
    925,
    1509,
    1237,
    505,
    375,
    253,
    106,
    217,
    179,
    280,
    130,
    250,
    211,
    159,
    65,
    426,
    260,
    222,
    305,
    361,
    138,
    194,
    279,
    152,
    187,
    380,
    114,
    172,
    0,
    125,
    476,
    108,
    171,
    217,
    226,
    415,
    428,
    478,
    574,
    806,
    1391,
    1119,
    386,
    256,
    359,
    212,
    323,
    285,
    386,
    236,
    356,
    317,
    265,
    124,
    301,
    135,
    92,
    180,
    236,
    49,
    64,
    154,
    27,
    62,
    250,
    77,
    42,
    125,
    0,
    346,
    214,
    277,
    323,
    332,
    521,
    534,
    584,
    680,
    912,
    1497,
    1225,
    492,
    366,
    677,
    529,
    641,
    603,
    703,
    553,
    674,
    635,
    582,
    411,
    46,
    213,
    253,
    167,
    112,
    337,
    284,
    196,
    320,
    285,
    119,
    363,
    307,
    476,
    346,
    0,
    531,
    595,
    641,
    649,
    838,
    852,
    902,
    997,
    1230,
    1814,
    1542,
    810,
    683,
    283,
    136,
    247,
    209,
    310,
    160,
    280,
    241,
    189,
    121,
    515,
    349,
    277,
    393,
    451,
    194,
    249,
    371,
    242,
    275,
    435,
    169,
    227,
    108,
    214,
    531,
    0,
    63,
    144,
    119,
    367,
    381,
    431,
    527,
    759,
    1343,
    1071,
    339,
    210,
    347,
    199,
    311,
    272,
    373,
    223,
    343,
    305,
    251,
    184,
    578,
    413,
    341,
    457,
    514,
    257,
    311,
    433,
    305,
    339,
    499,
    232,
    289,
    171,
    277,
    595,
    63,
    0,
    82,
    56,
    305,
    319,
    369,
    465,
    697,
    1281,
    1009,
    277,
    147,
    393,
    245,
    357,
    319,
    419,
    269,
    390,
    351,
    298,
    231,
    625,
    459,
    387,
    503,
    561,
    303,
    358,
    480,
    351,
    385,
    545,
    279,
    336,
    217,
    323,
    641,
    144,
    82,
    0,
    44,
    259,
    273,
    323,
    418,
    651,
    1235,
    963,
    231,
    101,
    401,
    254,
    365,
    327,
    428,
    278,
    398,
    359,
    307,
    239,
    633,
    467,
    395,
    511,
    569,
    312,
    367,
    489,
    360,
    393,
    553,
    287,
    345,
    226,
    332,
    649,
    119,
    56,
    44,
    0,
    247,
    261,
    311,
    407,
    639,
    1223,
    951,
    219,
    91,
    590,
    443,
    554,
    516,
    617,
    467,
    587,
    548,
    495,
    428,
    822,
    656,
    584,
    700,
    758,
    501,
    555,
    677,
    549,
    582,
    742,
    476,
    533,
    415,
    521,
    838,
    367,
    305,
    259,
    247,
    0,
    156,
    116,
    414,
    647,
    1231,
    959,
    227,
    89,
    604,
    456,
    568,
    529,
    630,
    480,
    601,
    562,
    509,
    441,
    835,
    670,
    598,
    714,
    771,
    514,
    569,
    691,
    562,
    596,
    756,
    489,
    547,
    428,
    534,
    852,
    381,
    319,
    273,
    261,
    156,
    0,
    98,
    427,
    660,
    1244,
    972,
    240,
    44,
    654,
    506,
    618,
    579,
    680,
    530,
    651,
    612,
    559,
    491,
    885,
    720,
    648,
    764,
    821,
    564,
    619,
    741,
    612,
    646,
    806,
    539,
    597,
    478,
    584,
    902,
    431,
    369,
    323,
    311,
    116,
    98,
    0,
    477,
    710,
    1294,
    1022,
    290,
    142,
    749,
    602,
    713,
    675,
    776,
    626,
    746,
    707,
    654,
    587,
    981,
    815,
    743,
    859,
    917,
    660,
    714,
    836,
    708,
    741,
    901,
    635,
    692,
    574,
    680,
    997,
    527,
    465,
    418,
    407,
    414,
    427,
    477,
    0,
    289,
    1136,
    864,
    239,
    204,
    982,
    834,
    946,
    907,
    1008,
    858,
    979,
    940,
    887,
    819,
    1213,
    1048,
    976,
    1092,
    1149,
    892,
    947,
    1069,
    940,
    974,
    1134,
    867,
    925,
    806,
    912,
    1230,
    759,
    697,
    651,
    639,
    647,
    660,
    710,
    289,
    0,
    1368,
    1096,
    472,
    493,
    1566,
    1419,
    1530,
    1492,
    1593,
    1443,
    1563,
    1524,
    1471,
    1404,
    1798,
    1632,
    1560,
    1676,
    1734,
    1477,
    1531,
    1653,
    1525,
    1558,
    1718,
    1452,
    1509,
    1391,
    1497,
    1814,
    1343,
    1281,
    1235,
    1223,
    1231,
    1244,
    1294,
    1136,
    1368,
    0,
    263,
    1056,
    1070,
    1294,
    1147,
    1258,
    1220,
    1321,
    1171,
    1291,
    1252,
    1199,
    1132,
    1526,
    1360,
    1288,
    1404,
    1462,
    1205,
    1259,
    1381,
    1253,
    1286,
    1446,
    1180,
    1237,
    1119,
    1225,
    1542,
    1071,
    1009,
    963,
    951,
    959,
    972,
    1022,
    864,
    1096,
    263,
    0,
    784,
    807,
    562,
    414,
    526,
    487,
    588,
    438,
    559,
    520,
    467,
    399,
    793,
    628,
    556,
    672,
    729,
    472,
    527,
    649,
    520,
    554,
    714,
    447,
    505,
    386,
    492,
    810,
    339,
    277,
    231,
    219,
    227,
    240,
    290,
    239,
    472,
    1056,
    784,
    0,
    73,
    432,
    286,
    397,
    359,
    458,
    312,
    428,
    392,
    341,
    272,
    667,
    500,
    430,
    545,
    602,
    346,
    398,
    519,
    393,
    427,
    564,
    319,
    375,
    256,
    366,
    683,
    210,
    147,
    101,
    91,
    89,
    44,
    142,
    204,
    493,
    1070,
    807,
    73,
    0
  ]
}